674 k3 1556606900 743500 610 609
676 k3 65800 0 1 1
677 k3 151900 0 1 1
678 k3 359700 0 1 1
679 k3 93200 0 1 1
680 k3 156400 0 1 1
681 k3 191100 0 1 1
682 k3 115900 0 1 1
683 k3 833700 0 2 2
684 k3 131900 0 1 1
685 k3 136400 0 1 1
686 k3 275600 0 2 2
687 k3 348200 0 1 1
688 k3 174500 0 2 2
689 k3 169500 0 2 2
690 k3 105500 0 1 1
691 k3 106500 0 1 1
692 k3 1281700 0 1 1
693 k3 363700 20600 3 3
694 k3 195700 0 5 5
695 k3 128800 0 1 1
696 k3 102500 0 1 1
697 k3 134600 0 1 1
698 k3 102000 0 1 1
699 k3 124400 0 1 1
700 k3 74800 0 1 1
