2533 k3 54746807000 3066279500 3586 3586
2534 k3 54343419300 3396597500 3663 3663
2535 k3 54156087900 3497599000 3909 3909
2536 k3 54936107000 2736665400 3715 3715
2537 k3 54073648600 3417657200 3592 3592
2538 k3 54236874600 3326288600 3552 3552
2539 k3 54814000300 2842758500 3908 3908
2540 k3 54816774400 3037649400 3766 3766
2541 k3 55457299100 2781643400 3497 3497
2542 k3 55197756400 2995298600 3788 3788
2543 k3 54185051200 3571321300 4107 4108
2544 k3 54679471000 3120177500 3780 3780
2545 k3 54878278400 3030946400 3632 3632
2546 k3 55184596300 3282863900 3635 3635
2547 k3 54417707600 3405724800 4139 4139
670 k3 93330844300 2590536000 12025 12025
672 k3 23487687000 2471383300 1058 1057
673 k3 23228204500 2521148000 1219 1218
674 k3 23549260100 2614127600 1117 1117
675 k3 23337114900 2478636200 1265 1265
676 k3 49782393200 2771326500 1411 1411
677 k3 50759110100 2553568900 1370 1370
678 k3 48789996500 1903643300 1405 1405
679 k3 50450949000 2226303400 1334 1334
680 k3 51794407900 2092113100 1422 1422
681 k3 50842872000 2389708900 1384 1384
682 k3 52319988100 2188766000 1397 1397
683 k3 51013754700 2252532900 1468 1468
684 k3 52284533000 2379857400 1492 1492
685 k3 48100075800 2461815900 1402 1402
686 k3 52620070600 2848777000 1434 1434
687 k3 49999269600 2041493600 1393 1393
688 k3 50160483100 3134655600 1482 1482
689 k3 57899641700 2501024800 1406 1406
690 k3 52947747700 3349389600 1499 1499
691 k3 51844912400 2901717100 1447 1447
692 k3 179300 0 3 3
693 k3 106900 0 1 1
694 k3 622900 0 1 1
695 k3 112600 0 2 2
696 ? none none
