670 k3 1180810500 247800 595 594
672 k3 288500 0 1 1
673 k3 126500 0 1 1
674 k3 91400 0 1 1
675 k3 74400 0 1 1
676 k3 121100 0 1 1
677 k3 353800 0 2 2
678 k3 176800 0 2 2
679 k3 206700 0 1 1
680 k3 110300 0 1 1
681 k3 95900 0 1 1
682 k3 118400 0 1 1
683 k3 97900 0 1 1
684 k3 237900 0 2 2
685 k3 170600 0 3 3
686 k3 125200 0 1 1
687 k3 131000 0 1 1
688 k3 111400 0 1 1
689 k3 925500 0 1 1
690 k3 86800 0 1 1
691 k3 138800 0 2 2
692 k3 179300 0 3 3
693 k3 106900 0 1 1
694 k3 622900 0 1 1
695 k3 112600 0 2 2
696 k3 60000 0 1 1
